      -1       2       3
       .      -2       6
       0       0      -3
       0       0      12

       2       3       4       5
       1       0       9       0
       2       4       5       6
       3       4       6       1

      17
      14

       8      24

       2       3       4       5
       1       0       9       0

       2       3       4       5
       1       0       9       0
       2       4       5       6
       3       4       6       1

       5

       5

      26

       1
       2
       1
       4

       4       4       2       3

  3.4375

      17
      14
       8      24
       2       3       4       5
       1       0       9       0
       2       3       4       5
       1       0       9       0
       2       4       5       6
       3       4       6       1
       5
       5
      26
       1
       2
       1
       4
       4       4       2       3
  3.4375

       3       5       2
       0       .       6
       0       0       0
       1       0       0
       0       0       0
       1       1       0
       1       0       1
       0       1       0
       3       5       2
       0       .       6

       3       1       0
       2       1       1
       6       2       2
       4      11
       3
      11
       1
       1
       1
       2       1       1

