Profil Audiens Periklanan
   7.9%  12.8%
  18.1%  15.2%
  20.1%  14.4%
   7.5%   4.1%

       1       2       3       4       5
       1       3       5       7       9

       2
       3

       1       2       3
       4       5       6

       1       2       3       4       5       6
       1       2       3
       4       5       6
       1       2
       3       4
       5       6

       1       2       3
       4       5       6

       1       2       3
       4       5       6
       7       8       9
       1       2       3       7       8
       4       5       6       9      10

       4       3       2
       7       6       3
       5       2       6
       4       7       5
       3       6       2
       2       3       6

