       5       .       .
       .       6       9
      13       .      14
       4       .       .
       .       5      18
      42       .      45
       .       .       .
      16       .       4
       4       1       9
      36       .      25

      99      54      80
      73      78      86
      72      69      92
      75      67      71
      71      56      69
      73      65      66
      80      64      73
      80      70      70
      84      66      72
      70      74      68
      77      69      90
      59      66      55
      87      73      80
      74      75      76
      67      44      72
      74      72      64
      82      68      68
      95      71      67
      69      67      74
      81      54      75
      80      58      64
      73      87      58
      85      86      69
      67      58      68
      85      70      77
      61      60      79
      68      69      76
      72      58      53
      89      58      61
      76      65      56
      78      73      76
      80      74      81
      69      46      86
      72      69      63
      72      59      53
      89      60      64
      67      55      58
      77      68      71
      76      83      67
      83      60      68

    77.9
    79.7
    79.1
      71
    65.7
    67.8
    72.4
      73
    73.8
    70.4
    79.8
    59.5
      80
    75.1
    62.1
    69.4
    72.2
    76.6
    70.4
    70.5
      67
    71.2
    78.9
    64.7
    77.3
    67.9
    71.5
    60.2
    68.5
    64.7
    75.7
    78.6
    68.9
    67.5
    60.5
    70.3
    59.8
    71.9
    74.5
    70.1

  76.525   65.95    70.4
  8.5094  9.5164  9.5885
      12      15      28
       1      22       3

       0       0       0
       0       0       0
       0       0       0
       0       0       0
       0       0       0
       0       0       0
       0       0       0
       0       0       0
       0       0       0
       0       0       0
       0       0       0
       0       0       0
       0       0       0
       0       0       0
       0       0       0
       0       0       0
       0       0       0
       0       0       0
       0       0       0
       0       0       0
       0       0       0
       0       0       0
       0       0       0
       0       0       0
       0       0       0
       0       0       0
       0       0       0
       0       0       0
       0       0       0
       0       0       0
       0       0       0
       0       0       0
       0       0       0
       0       0       0
       0       0       0
       0       0       0
       0       0       0
       0       0       0
       0       0       0
       0       0       0

      99
      54
      80
      73
      78
      86
      72
      69
      92
      75
      67
      71
      71
      56
      69
      73
      65
      66
      80
      64
      73
      80
      70
      70
      84
      66
      72
      70
      74
      68
      77
      69
      90
      59
      66
      55
      87
      73
      80
      74
      75
      76
      67
      44
      72
      74
      72
      64
      82
      68
      68
      95
      71
      67
      69
      67
      74
      81
      54
      75
      80
      58
      64
      73
      87
      58
      85
      86
      69
      67
      58
      68
      85
      70
      77
      61
      60
      79
      68
      69
      76
      72
      58
      53
      89
      58
      61
      76
      65
      56
      78
      73
      76
      80
      74
      81
      69
      46
      86
      72
      69
      63
      72
      59
      53
      89
      60
      64
      67
      55
      58
      77
      68
      71
      76
      83
      67
      83
      60
      68

